0.000000000000000000e+00
0.000000000000000000e+00
0.000000000000000000e+00
0.000000000000000000e+00
0.000000000000000000e+00
0.000000000000000000e+00
0.000000000000000000e+00
0.000000000000000000e+00
0.000000000000000000e+00
0.000000000000000000e+00
0.000000000000000000e+00
0.000000000000000000e+00
0.000000000000000000e+00
0.000000000000000000e+00
0.000000000000000000e+00
0.000000000000000000e+00
0.000000000000000000e+00
0.000000000000000000e+00
0.000000000000000000e+00
0.000000000000000000e+00
0.000000000000000000e+00
0.000000000000000000e+00
0.000000000000000000e+00
0.000000000000000000e+00
0.000000000000000000e+00
0.000000000000000000e+00
0.000000000000000000e+00
0.000000000000000000e+00
0.000000000000000000e+00
0.000000000000000000e+00
0.000000000000000000e+00
0.000000000000000000e+00
0.000000000000000000e+00
0.000000000000000000e+00
0.000000000000000000e+00
0.000000000000000000e+00
0.000000000000000000e+00
0.000000000000000000e+00
0.000000000000000000e+00
0.000000000000000000e+00
0.000000000000000000e+00
0.000000000000000000e+00
0.000000000000000000e+00
0.000000000000000000e+00
0.000000000000000000e+00
0.000000000000000000e+00
0.000000000000000000e+00
0.000000000000000000e+00
0.000000000000000000e+00
0.000000000000000000e+00
0.000000000000000000e+00
0.000000000000000000e+00
0.000000000000000000e+00
0.000000000000000000e+00
0.000000000000000000e+00
0.000000000000000000e+00
0.000000000000000000e+00
4.000000000000000000e+01
0.000000000000000000e+00
0.000000000000000000e+00
0.000000000000000000e+00
0.000000000000000000e+00
0.000000000000000000e+00
0.000000000000000000e+00
0.000000000000000000e+00
0.000000000000000000e+00
0.000000000000000000e+00
0.000000000000000000e+00
0.000000000000000000e+00
0.000000000000000000e+00
0.000000000000000000e+00
0.000000000000000000e+00
0.000000000000000000e+00
0.000000000000000000e+00
0.000000000000000000e+00
0.000000000000000000e+00
0.000000000000000000e+00
0.000000000000000000e+00
0.000000000000000000e+00
0.000000000000000000e+00
0.000000000000000000e+00
0.000000000000000000e+00
0.000000000000000000e+00
0.000000000000000000e+00
0.000000000000000000e+00
0.000000000000000000e+00
0.000000000000000000e+00
0.000000000000000000e+00
0.000000000000000000e+00
0.000000000000000000e+00
0.000000000000000000e+00
0.000000000000000000e+00
0.000000000000000000e+00
0.000000000000000000e+00
0.000000000000000000e+00
1.000000000000000000e+02
0.000000000000000000e+00
0.000000000000000000e+00
0.000000000000000000e+00
0.000000000000000000e+00
0.000000000000000000e+00
0.000000000000000000e+00
0.000000000000000000e+00
0.000000000000000000e+00
0.000000000000000000e+00
0.000000000000000000e+00
0.000000000000000000e+00
0.000000000000000000e+00
0.000000000000000000e+00
0.000000000000000000e+00
0.000000000000000000e+00
0.000000000000000000e+00
0.000000000000000000e+00
0.000000000000000000e+00
0.000000000000000000e+00
0.000000000000000000e+00
0.000000000000000000e+00
0.000000000000000000e+00
0.000000000000000000e+00
0.000000000000000000e+00
0.000000000000000000e+00
0.000000000000000000e+00
0.000000000000000000e+00
0.000000000000000000e+00
0.000000000000000000e+00
0.000000000000000000e+00
0.000000000000000000e+00
0.000000000000000000e+00
0.000000000000000000e+00
0.000000000000000000e+00
0.000000000000000000e+00
0.000000000000000000e+00
0.000000000000000000e+00
0.000000000000000000e+00
0.000000000000000000e+00
0.000000000000000000e+00
0.000000000000000000e+00
0.000000000000000000e+00
0.000000000000000000e+00
0.000000000000000000e+00
0.000000000000000000e+00
0.000000000000000000e+00
0.000000000000000000e+00
0.000000000000000000e+00
0.000000000000000000e+00
0.000000000000000000e+00
0.000000000000000000e+00
0.000000000000000000e+00
0.000000000000000000e+00
0.000000000000000000e+00
0.000000000000000000e+00
0.000000000000000000e+00
0.000000000000000000e+00
0.000000000000000000e+00
0.000000000000000000e+00
0.000000000000000000e+00
0.000000000000000000e+00
0.000000000000000000e+00
0.000000000000000000e+00
0.000000000000000000e+00
0.000000000000000000e+00
0.000000000000000000e+00
0.000000000000000000e+00
0.000000000000000000e+00
0.000000000000000000e+00
0.000000000000000000e+00
0.000000000000000000e+00
0.000000000000000000e+00
0.000000000000000000e+00
0.000000000000000000e+00
0.000000000000000000e+00
0.000000000000000000e+00
0.000000000000000000e+00
0.000000000000000000e+00
0.000000000000000000e+00
0.000000000000000000e+00
0.000000000000000000e+00
0.000000000000000000e+00
0.000000000000000000e+00
0.000000000000000000e+00
0.000000000000000000e+00
0.000000000000000000e+00
4.000000000000000000e+01
0.000000000000000000e+00
8.000000000000000000e+01
0.000000000000000000e+00
0.000000000000000000e+00
0.000000000000000000e+00
0.000000000000000000e+00
0.000000000000000000e+00
0.000000000000000000e+00
0.000000000000000000e+00
0.000000000000000000e+00
0.000000000000000000e+00
0.000000000000000000e+00
0.000000000000000000e+00
0.000000000000000000e+00
0.000000000000000000e+00
0.000000000000000000e+00
0.000000000000000000e+00
0.000000000000000000e+00
0.000000000000000000e+00
0.000000000000000000e+00
0.000000000000000000e+00
0.000000000000000000e+00
0.000000000000000000e+00
0.000000000000000000e+00
0.000000000000000000e+00
0.000000000000000000e+00
0.000000000000000000e+00
0.000000000000000000e+00
0.000000000000000000e+00
0.000000000000000000e+00
0.000000000000000000e+00
0.000000000000000000e+00
0.000000000000000000e+00
4.000000000000000000e+01
0.000000000000000000e+00
4.000000000000000000e+01
0.000000000000000000e+00
0.000000000000000000e+00
0.000000000000000000e+00
4.000000000000000000e+01
0.000000000000000000e+00
0.000000000000000000e+00
0.000000000000000000e+00
0.000000000000000000e+00
0.000000000000000000e+00
0.000000000000000000e+00
0.000000000000000000e+00
4.000000000000000000e+01
0.000000000000000000e+00
0.000000000000000000e+00
0.000000000000000000e+00
0.000000000000000000e+00
0.000000000000000000e+00
0.000000000000000000e+00
0.000000000000000000e+00
0.000000000000000000e+00
0.000000000000000000e+00
4.000000000000000000e+01
0.000000000000000000e+00
0.000000000000000000e+00
0.000000000000000000e+00
0.000000000000000000e+00
0.000000000000000000e+00
0.000000000000000000e+00
0.000000000000000000e+00
0.000000000000000000e+00
0.000000000000000000e+00
0.000000000000000000e+00
0.000000000000000000e+00
0.000000000000000000e+00
0.000000000000000000e+00
0.000000000000000000e+00
0.000000000000000000e+00
0.000000000000000000e+00
0.000000000000000000e+00
0.000000000000000000e+00
0.000000000000000000e+00
0.000000000000000000e+00
0.000000000000000000e+00
0.000000000000000000e+00
0.000000000000000000e+00
0.000000000000000000e+00
0.000000000000000000e+00
0.000000000000000000e+00
0.000000000000000000e+00
0.000000000000000000e+00
0.000000000000000000e+00
4.000000000000000000e+01
4.000000000000000000e+01
4.000000000000000000e+01
0.000000000000000000e+00
0.000000000000000000e+00
0.000000000000000000e+00
0.000000000000000000e+00
0.000000000000000000e+00
0.000000000000000000e+00
0.000000000000000000e+00
0.000000000000000000e+00
0.000000000000000000e+00
0.000000000000000000e+00
4.000000000000000000e+01
0.000000000000000000e+00
0.000000000000000000e+00
0.000000000000000000e+00
0.000000000000000000e+00
0.000000000000000000e+00
0.000000000000000000e+00
0.000000000000000000e+00
0.000000000000000000e+00
0.000000000000000000e+00
0.000000000000000000e+00
0.000000000000000000e+00
0.000000000000000000e+00
0.000000000000000000e+00
0.000000000000000000e+00
0.000000000000000000e+00
0.000000000000000000e+00
0.000000000000000000e+00
0.000000000000000000e+00
0.000000000000000000e+00
0.000000000000000000e+00
0.000000000000000000e+00
0.000000000000000000e+00
0.000000000000000000e+00
0.000000000000000000e+00
0.000000000000000000e+00
0.000000000000000000e+00
0.000000000000000000e+00
0.000000000000000000e+00
0.000000000000000000e+00
4.000000000000000000e+01
4.000000000000000000e+01
0.000000000000000000e+00
0.000000000000000000e+00
0.000000000000000000e+00
0.000000000000000000e+00
4.000000000000000000e+01
0.000000000000000000e+00
0.000000000000000000e+00
0.000000000000000000e+00
0.000000000000000000e+00
0.000000000000000000e+00
0.000000000000000000e+00
4.000000000000000000e+01
0.000000000000000000e+00
4.000000000000000000e+01
0.000000000000000000e+00
4.000000000000000000e+01
0.000000000000000000e+00
0.000000000000000000e+00
0.000000000000000000e+00
4.000000000000000000e+01
0.000000000000000000e+00
0.000000000000000000e+00
0.000000000000000000e+00
0.000000000000000000e+00
0.000000000000000000e+00
0.000000000000000000e+00
0.000000000000000000e+00
0.000000000000000000e+00
0.000000000000000000e+00
0.000000000000000000e+00
0.000000000000000000e+00
0.000000000000000000e+00
0.000000000000000000e+00
0.000000000000000000e+00
0.000000000000000000e+00
0.000000000000000000e+00
0.000000000000000000e+00
0.000000000000000000e+00
0.000000000000000000e+00
0.000000000000000000e+00
0.000000000000000000e+00
0.000000000000000000e+00
0.000000000000000000e+00
0.000000000000000000e+00
0.000000000000000000e+00
0.000000000000000000e+00
0.000000000000000000e+00
4.000000000000000000e+01
0.000000000000000000e+00
0.000000000000000000e+00
0.000000000000000000e+00
0.000000000000000000e+00
0.000000000000000000e+00
0.000000000000000000e+00
0.000000000000000000e+00
0.000000000000000000e+00
0.000000000000000000e+00
0.000000000000000000e+00
0.000000000000000000e+00
0.000000000000000000e+00
0.000000000000000000e+00
0.000000000000000000e+00
0.000000000000000000e+00
0.000000000000000000e+00
0.000000000000000000e+00
0.000000000000000000e+00
0.000000000000000000e+00
0.000000000000000000e+00
0.000000000000000000e+00
0.000000000000000000e+00
0.000000000000000000e+00
0.000000000000000000e+00
0.000000000000000000e+00
0.000000000000000000e+00
0.000000000000000000e+00
0.000000000000000000e+00
0.000000000000000000e+00
0.000000000000000000e+00
0.000000000000000000e+00
0.000000000000000000e+00
0.000000000000000000e+00
0.000000000000000000e+00
0.000000000000000000e+00
0.000000000000000000e+00
0.000000000000000000e+00
4.000000000000000000e+01
0.000000000000000000e+00
0.000000000000000000e+00
4.000000000000000000e+01
0.000000000000000000e+00
0.000000000000000000e+00
0.000000000000000000e+00
0.000000000000000000e+00
0.000000000000000000e+00
0.000000000000000000e+00
0.000000000000000000e+00
0.000000000000000000e+00
0.000000000000000000e+00
0.000000000000000000e+00
0.000000000000000000e+00
0.000000000000000000e+00
0.000000000000000000e+00
0.000000000000000000e+00
4.000000000000000000e+01
0.000000000000000000e+00
0.000000000000000000e+00
4.000000000000000000e+01
0.000000000000000000e+00
0.000000000000000000e+00
0.000000000000000000e+00
0.000000000000000000e+00
0.000000000000000000e+00
0.000000000000000000e+00
0.000000000000000000e+00
0.000000000000000000e+00
0.000000000000000000e+00
4.000000000000000000e+01
0.000000000000000000e+00
0.000000000000000000e+00
0.000000000000000000e+00
0.000000000000000000e+00
0.000000000000000000e+00
0.000000000000000000e+00
0.000000000000000000e+00
0.000000000000000000e+00
0.000000000000000000e+00
0.000000000000000000e+00
0.000000000000000000e+00
0.000000000000000000e+00
0.000000000000000000e+00
0.000000000000000000e+00
0.000000000000000000e+00
0.000000000000000000e+00
0.000000000000000000e+00
0.000000000000000000e+00
4.000000000000000000e+01
0.000000000000000000e+00
0.000000000000000000e+00
0.000000000000000000e+00
4.000000000000000000e+01
0.000000000000000000e+00
4.000000000000000000e+01
0.000000000000000000e+00
0.000000000000000000e+00
0.000000000000000000e+00
0.000000000000000000e+00
0.000000000000000000e+00
4.000000000000000000e+01
0.000000000000000000e+00
4.000000000000000000e+01
0.000000000000000000e+00
0.000000000000000000e+00
0.000000000000000000e+00
0.000000000000000000e+00
0.000000000000000000e+00
0.000000000000000000e+00
0.000000000000000000e+00
8.000000000000000000e+01
0.000000000000000000e+00
4.000000000000000000e+01
0.000000000000000000e+00
0.000000000000000000e+00
0.000000000000000000e+00
0.000000000000000000e+00
0.000000000000000000e+00
0.000000000000000000e+00
0.000000000000000000e+00
0.000000000000000000e+00
0.000000000000000000e+00
0.000000000000000000e+00
0.000000000000000000e+00
0.000000000000000000e+00
0.000000000000000000e+00
0.000000000000000000e+00
0.000000000000000000e+00
4.000000000000000000e+01
0.000000000000000000e+00
0.000000000000000000e+00
0.000000000000000000e+00
0.000000000000000000e+00
4.000000000000000000e+01
0.000000000000000000e+00
0.000000000000000000e+00
0.000000000000000000e+00
0.000000000000000000e+00
0.000000000000000000e+00
0.000000000000000000e+00
0.000000000000000000e+00
4.000000000000000000e+01
0.000000000000000000e+00
0.000000000000000000e+00
0.000000000000000000e+00
0.000000000000000000e+00
0.000000000000000000e+00
4.000000000000000000e+01
0.000000000000000000e+00
8.000000000000000000e+01
0.000000000000000000e+00
0.000000000000000000e+00
0.000000000000000000e+00
0.000000000000000000e+00
4.000000000000000000e+01
0.000000000000000000e+00
0.000000000000000000e+00
0.000000000000000000e+00
0.000000000000000000e+00
4.000000000000000000e+01
1.400000000000000000e+02
4.000000000000000000e+01
4.000000000000000000e+01
0.000000000000000000e+00
4.000000000000000000e+01
0.000000000000000000e+00
0.000000000000000000e+00
4.000000000000000000e+01
4.000000000000000000e+01
0.000000000000000000e+00
8.000000000000000000e+01
0.000000000000000000e+00
0.000000000000000000e+00
0.000000000000000000e+00
0.000000000000000000e+00
0.000000000000000000e+00
0.000000000000000000e+00
0.000000000000000000e+00
0.000000000000000000e+00
0.000000000000000000e+00
0.000000000000000000e+00
0.000000000000000000e+00
0.000000000000000000e+00
0.000000000000000000e+00
0.000000000000000000e+00
0.000000000000000000e+00
0.000000000000000000e+00
0.000000000000000000e+00
0.000000000000000000e+00
0.000000000000000000e+00
0.000000000000000000e+00
0.000000000000000000e+00
0.000000000000000000e+00
0.000000000000000000e+00
0.000000000000000000e+00
0.000000000000000000e+00
0.000000000000000000e+00
0.000000000000000000e+00
0.000000000000000000e+00
0.000000000000000000e+00
0.000000000000000000e+00
0.000000000000000000e+00
0.000000000000000000e+00
0.000000000000000000e+00
0.000000000000000000e+00
4.000000000000000000e+01
0.000000000000000000e+00
0.000000000000000000e+00
0.000000000000000000e+00
0.000000000000000000e+00
0.000000000000000000e+00
0.000000000000000000e+00
0.000000000000000000e+00
0.000000000000000000e+00
0.000000000000000000e+00
0.000000000000000000e+00
4.000000000000000000e+01
4.000000000000000000e+01
4.000000000000000000e+01
0.000000000000000000e+00
4.000000000000000000e+01
0.000000000000000000e+00
0.000000000000000000e+00
0.000000000000000000e+00
0.000000000000000000e+00
0.000000000000000000e+00
0.000000000000000000e+00
0.000000000000000000e+00
0.000000000000000000e+00
0.000000000000000000e+00
0.000000000000000000e+00
4.000000000000000000e+01
0.000000000000000000e+00
0.000000000000000000e+00
0.000000000000000000e+00
0.000000000000000000e+00
8.000000000000000000e+01
0.000000000000000000e+00
0.000000000000000000e+00
0.000000000000000000e+00
0.000000000000000000e+00
8.000000000000000000e+01
0.000000000000000000e+00
0.000000000000000000e+00
0.000000000000000000e+00
0.000000000000000000e+00
8.000000000000000000e+01
4.000000000000000000e+01
0.000000000000000000e+00
4.000000000000000000e+01
0.000000000000000000e+00
1.600000000000000000e+02
4.000000000000000000e+01
0.000000000000000000e+00
0.000000000000000000e+00
0.000000000000000000e+00
0.000000000000000000e+00
0.000000000000000000e+00
0.000000000000000000e+00
4.000000000000000000e+01
0.000000000000000000e+00
0.000000000000000000e+00
0.000000000000000000e+00
0.000000000000000000e+00
0.000000000000000000e+00
0.000000000000000000e+00
0.000000000000000000e+00
0.000000000000000000e+00
0.000000000000000000e+00
0.000000000000000000e+00
8.000000000000000000e+01
0.000000000000000000e+00
0.000000000000000000e+00
0.000000000000000000e+00
0.000000000000000000e+00
0.000000000000000000e+00
4.000000000000000000e+01
8.000000000000000000e+01
0.000000000000000000e+00
0.000000000000000000e+00
0.000000000000000000e+00
0.000000000000000000e+00
0.000000000000000000e+00
0.000000000000000000e+00
0.000000000000000000e+00
4.000000000000000000e+01
0.000000000000000000e+00
8.000000000000000000e+01
0.000000000000000000e+00
0.000000000000000000e+00
0.000000000000000000e+00
0.000000000000000000e+00
1.000000000000000000e+02
0.000000000000000000e+00
4.000000000000000000e+01
0.000000000000000000e+00
0.000000000000000000e+00
0.000000000000000000e+00
0.000000000000000000e+00
0.000000000000000000e+00
0.000000000000000000e+00
0.000000000000000000e+00
4.000000000000000000e+01
0.000000000000000000e+00
0.000000000000000000e+00
4.000000000000000000e+01
0.000000000000000000e+00
4.000000000000000000e+01
0.000000000000000000e+00
0.000000000000000000e+00
4.000000000000000000e+01
0.000000000000000000e+00
0.000000000000000000e+00
0.000000000000000000e+00
4.000000000000000000e+01
4.000000000000000000e+01
0.000000000000000000e+00
4.000000000000000000e+01
8.000000000000000000e+01
0.000000000000000000e+00
0.000000000000000000e+00
0.000000000000000000e+00
8.000000000000000000e+01
0.000000000000000000e+00
0.000000000000000000e+00
0.000000000000000000e+00
4.000000000000000000e+01
0.000000000000000000e+00
0.000000000000000000e+00
0.000000000000000000e+00
0.000000000000000000e+00
0.000000000000000000e+00
0.000000000000000000e+00
0.000000000000000000e+00
0.000000000000000000e+00
0.000000000000000000e+00
0.000000000000000000e+00
0.000000000000000000e+00
4.000000000000000000e+01
8.000000000000000000e+01
0.000000000000000000e+00
8.000000000000000000e+01
4.000000000000000000e+01
0.000000000000000000e+00
4.000000000000000000e+01
0.000000000000000000e+00
0.000000000000000000e+00
1.200000000000000000e+02
0.000000000000000000e+00
1.000000000000000000e+02
0.000000000000000000e+00
0.000000000000000000e+00
0.000000000000000000e+00
0.000000000000000000e+00
0.000000000000000000e+00
0.000000000000000000e+00
0.000000000000000000e+00
4.000000000000000000e+01
4.000000000000000000e+01
0.000000000000000000e+00
0.000000000000000000e+00
4.000000000000000000e+01
0.000000000000000000e+00
0.000000000000000000e+00
0.000000000000000000e+00
8.000000000000000000e+01
0.000000000000000000e+00
0.000000000000000000e+00
0.000000000000000000e+00
0.000000000000000000e+00
0.000000000000000000e+00
3.000000000000000000e+02
0.000000000000000000e+00
4.000000000000000000e+01
8.000000000000000000e+01
4.000000000000000000e+01
4.000000000000000000e+01
4.000000000000000000e+01
0.000000000000000000e+00
0.000000000000000000e+00
2.000000000000000000e+02
4.000000000000000000e+01
0.000000000000000000e+00
0.000000000000000000e+00
4.000000000000000000e+01
4.000000000000000000e+01
4.000000000000000000e+01
0.000000000000000000e+00
0.000000000000000000e+00
0.000000000000000000e+00
0.000000000000000000e+00
0.000000000000000000e+00
0.000000000000000000e+00
0.000000000000000000e+00
0.000000000000000000e+00
0.000000000000000000e+00
0.000000000000000000e+00
1.000000000000000000e+02
4.000000000000000000e+01
0.000000000000000000e+00
0.000000000000000000e+00
0.000000000000000000e+00
0.000000000000000000e+00
0.000000000000000000e+00
8.000000000000000000e+01
0.000000000000000000e+00
0.000000000000000000e+00
4.000000000000000000e+01
8.000000000000000000e+01
4.000000000000000000e+01
0.000000000000000000e+00
1.000000000000000000e+02
0.000000000000000000e+00
0.000000000000000000e+00
0.000000000000000000e+00
0.000000000000000000e+00
0.000000000000000000e+00
0.000000000000000000e+00
0.000000000000000000e+00
0.000000000000000000e+00
0.000000000000000000e+00
0.000000000000000000e+00
0.000000000000000000e+00
0.000000000000000000e+00
0.000000000000000000e+00
0.000000000000000000e+00
4.000000000000000000e+01
8.000000000000000000e+01
4.000000000000000000e+01
0.000000000000000000e+00
0.000000000000000000e+00
0.000000000000000000e+00
0.000000000000000000e+00
8.000000000000000000e+01
0.000000000000000000e+00
0.000000000000000000e+00
0.000000000000000000e+00
1.200000000000000000e+02
0.000000000000000000e+00
4.000000000000000000e+01
0.000000000000000000e+00
0.000000000000000000e+00
0.000000000000000000e+00
0.000000000000000000e+00
0.000000000000000000e+00
4.000000000000000000e+01
1.200000000000000000e+02
0.000000000000000000e+00
4.000000000000000000e+01
4.000000000000000000e+01
1.000000000000000000e+02
0.000000000000000000e+00
0.000000000000000000e+00
4.000000000000000000e+01
0.000000000000000000e+00
0.000000000000000000e+00
0.000000000000000000e+00
0.000000000000000000e+00
0.000000000000000000e+00
0.000000000000000000e+00
0.000000000000000000e+00
0.000000000000000000e+00
4.000000000000000000e+01
0.000000000000000000e+00
4.000000000000000000e+01
8.000000000000000000e+01
0.000000000000000000e+00
4.000000000000000000e+01
1.000000000000000000e+02
0.000000000000000000e+00
0.000000000000000000e+00
0.000000000000000000e+00
0.000000000000000000e+00
8.000000000000000000e+01
0.000000000000000000e+00
0.000000000000000000e+00
0.000000000000000000e+00
4.000000000000000000e+01
8.000000000000000000e+01
0.000000000000000000e+00
0.000000000000000000e+00
0.000000000000000000e+00
0.000000000000000000e+00
8.000000000000000000e+01
0.000000000000000000e+00
0.000000000000000000e+00
0.000000000000000000e+00
4.000000000000000000e+01
0.000000000000000000e+00
0.000000000000000000e+00
0.000000000000000000e+00
0.000000000000000000e+00
0.000000000000000000e+00
0.000000000000000000e+00
4.000000000000000000e+01
0.000000000000000000e+00
0.000000000000000000e+00
0.000000000000000000e+00
0.000000000000000000e+00
4.000000000000000000e+01
0.000000000000000000e+00
0.000000000000000000e+00
0.000000000000000000e+00
0.000000000000000000e+00
4.000000000000000000e+01
0.000000000000000000e+00
0.000000000000000000e+00
0.000000000000000000e+00
0.000000000000000000e+00
0.000000000000000000e+00
1.400000000000000000e+02
0.000000000000000000e+00
4.000000000000000000e+01
4.000000000000000000e+01
4.000000000000000000e+01
0.000000000000000000e+00
4.000000000000000000e+01
0.000000000000000000e+00
8.000000000000000000e+01
1.600000000000000000e+02
1.800000000000000000e+02
4.000000000000000000e+01
4.000000000000000000e+01
4.000000000000000000e+01
0.000000000000000000e+00
0.000000000000000000e+00
0.000000000000000000e+00
0.000000000000000000e+00
0.000000000000000000e+00
0.000000000000000000e+00
1.200000000000000000e+02
0.000000000000000000e+00
0.000000000000000000e+00
0.000000000000000000e+00
0.000000000000000000e+00
4.000000000000000000e+01
4.000000000000000000e+01
0.000000000000000000e+00
0.000000000000000000e+00
0.000000000000000000e+00
4.000000000000000000e+01
0.000000000000000000e+00
0.000000000000000000e+00
0.000000000000000000e+00
0.000000000000000000e+00
1.200000000000000000e+02
0.000000000000000000e+00
4.000000000000000000e+01
4.000000000000000000e+01
0.000000000000000000e+00
8.000000000000000000e+01
0.000000000000000000e+00
0.000000000000000000e+00
0.000000000000000000e+00
0.000000000000000000e+00
4.000000000000000000e+01
0.000000000000000000e+00
0.000000000000000000e+00
0.000000000000000000e+00
4.000000000000000000e+01
4.000000000000000000e+01
4.000000000000000000e+01
0.000000000000000000e+00
0.000000000000000000e+00
0.000000000000000000e+00
0.000000000000000000e+00
0.000000000000000000e+00
0.000000000000000000e+00
0.000000000000000000e+00
4.000000000000000000e+01
0.000000000000000000e+00
4.000000000000000000e+01
0.000000000000000000e+00
0.000000000000000000e+00
0.000000000000000000e+00
4.000000000000000000e+01
0.000000000000000000e+00
4.000000000000000000e+01
0.000000000000000000e+00
4.000000000000000000e+01
0.000000000000000000e+00
0.000000000000000000e+00
4.000000000000000000e+01
4.000000000000000000e+01
0.000000000000000000e+00
0.000000000000000000e+00
1.200000000000000000e+02
4.000000000000000000e+01
0.000000000000000000e+00
1.600000000000000000e+02
4.000000000000000000e+01
0.000000000000000000e+00
4.000000000000000000e+01
0.000000000000000000e+00
8.000000000000000000e+01
8.000000000000000000e+01
8.000000000000000000e+01
1.200000000000000000e+02
4.000000000000000000e+01
4.000000000000000000e+01
0.000000000000000000e+00
4.000000000000000000e+01
0.000000000000000000e+00
0.000000000000000000e+00
0.000000000000000000e+00
0.000000000000000000e+00
4.000000000000000000e+01
4.000000000000000000e+01
0.000000000000000000e+00
0.000000000000000000e+00
0.000000000000000000e+00
0.000000000000000000e+00
0.000000000000000000e+00
0.000000000000000000e+00
8.000000000000000000e+01
8.000000000000000000e+01
0.000000000000000000e+00
8.000000000000000000e+01
0.000000000000000000e+00
0.000000000000000000e+00
4.000000000000000000e+01
0.000000000000000000e+00
0.000000000000000000e+00
1.200000000000000000e+02
4.000000000000000000e+01
8.000000000000000000e+01
0.000000000000000000e+00
4.000000000000000000e+01
0.000000000000000000e+00
0.000000000000000000e+00
0.000000000000000000e+00
0.000000000000000000e+00
4.000000000000000000e+01
0.000000000000000000e+00
0.000000000000000000e+00
0.000000000000000000e+00
1.400000000000000000e+02
0.000000000000000000e+00
4.000000000000000000e+01
0.000000000000000000e+00
4.000000000000000000e+01
0.000000000000000000e+00
4.000000000000000000e+01
4.000000000000000000e+01
8.000000000000000000e+01
4.000000000000000000e+01
4.000000000000000000e+01
4.000000000000000000e+01
0.000000000000000000e+00
4.000000000000000000e+01
0.000000000000000000e+00
8.000000000000000000e+01
4.000000000000000000e+01
8.000000000000000000e+01
4.000000000000000000e+01
0.000000000000000000e+00
0.000000000000000000e+00
0.000000000000000000e+00
1.200000000000000000e+02
0.000000000000000000e+00
0.000000000000000000e+00
8.000000000000000000e+01
4.000000000000000000e+01
0.000000000000000000e+00
4.000000000000000000e+01
0.000000000000000000e+00
0.000000000000000000e+00
1.200000000000000000e+02
0.000000000000000000e+00
1.200000000000000000e+02
8.000000000000000000e+01
8.000000000000000000e+01
1.600000000000000000e+02
0.000000000000000000e+00
2.000000000000000000e+02
2.000000000000000000e+02
4.000000000000000000e+01
8.000000000000000000e+01
4.000000000000000000e+01
0.000000000000000000e+00
4.000000000000000000e+01
1.600000000000000000e+02
0.000000000000000000e+00
1.200000000000000000e+02
0.000000000000000000e+00
1.400000000000000000e+02
8.000000000000000000e+01
0.000000000000000000e+00
4.000000000000000000e+01
1.200000000000000000e+02
8.000000000000000000e+01
4.000000000000000000e+01
8.000000000000000000e+01
8.000000000000000000e+01
0.000000000000000000e+00
0.000000000000000000e+00
4.000000000000000000e+01
0.000000000000000000e+00
0.000000000000000000e+00
1.400000000000000000e+02
0.000000000000000000e+00
8.000000000000000000e+01
0.000000000000000000e+00
4.000000000000000000e+01
4.000000000000000000e+01
4.000000000000000000e+01
4.000000000000000000e+01
4.000000000000000000e+01
0.000000000000000000e+00
4.000000000000000000e+01
0.000000000000000000e+00
4.000000000000000000e+01
0.000000000000000000e+00
1.400000000000000000e+02
0.000000000000000000e+00
8.000000000000000000e+01
0.000000000000000000e+00
0.000000000000000000e+00
0.000000000000000000e+00
4.000000000000000000e+01
0.000000000000000000e+00
0.000000000000000000e+00
1.200000000000000000e+02
4.000000000000000000e+01
0.000000000000000000e+00
4.000000000000000000e+01
0.000000000000000000e+00
0.000000000000000000e+00
8.000000000000000000e+01
0.000000000000000000e+00
4.000000000000000000e+01
0.000000000000000000e+00
0.000000000000000000e+00
4.000000000000000000e+01
4.000000000000000000e+01
0.000000000000000000e+00
8.000000000000000000e+01
4.000000000000000000e+01
0.000000000000000000e+00
4.000000000000000000e+01
0.000000000000000000e+00
3.400000000000000000e+02
8.000000000000000000e+01
8.000000000000000000e+01
2.600000000000000000e+02
1.600000000000000000e+02
1.800000000000000000e+02
4.000000000000000000e+01
4.000000000000000000e+01
0.000000000000000000e+00
1.000000000000000000e+02
1.000000000000000000e+02
0.000000000000000000e+00
4.000000000000000000e+01
1.400000000000000000e+02
4.000000000000000000e+01
0.000000000000000000e+00
0.000000000000000000e+00
4.000000000000000000e+01
8.000000000000000000e+01
1.200000000000000000e+02
4.000000000000000000e+01
8.000000000000000000e+01
1.200000000000000000e+02
8.000000000000000000e+01
0.000000000000000000e+00
0.000000000000000000e+00
2.600000000000000000e+02
4.000000000000000000e+01
0.000000000000000000e+00
2.200000000000000000e+02
2.200000000000000000e+02
0.000000000000000000e+00
4.000000000000000000e+01
0.000000000000000000e+00
0.000000000000000000e+00
8.000000000000000000e+01
8.000000000000000000e+01
0.000000000000000000e+00
0.000000000000000000e+00
4.000000000000000000e+01
0.000000000000000000e+00
0.000000000000000000e+00
4.000000000000000000e+01
8.000000000000000000e+01
0.000000000000000000e+00
0.000000000000000000e+00
0.000000000000000000e+00
1.600000000000000000e+02
0.000000000000000000e+00
4.000000000000000000e+01
1.600000000000000000e+02
0.000000000000000000e+00
8.000000000000000000e+01
4.000000000000000000e+01
0.000000000000000000e+00
2.200000000000000000e+02
4.000000000000000000e+01
1.200000000000000000e+02
0.000000000000000000e+00
4.000000000000000000e+01
0.000000000000000000e+00
1.000000000000000000e+02
1.200000000000000000e+02
3.600000000000000000e+02
8.000000000000000000e+01
0.000000000000000000e+00
0.000000000000000000e+00
4.000000000000000000e+01
4.000000000000000000e+01
0.000000000000000000e+00
0.000000000000000000e+00
1.400000000000000000e+02
0.000000000000000000e+00
0.000000000000000000e+00
4.000000000000000000e+01
4.000000000000000000e+01
4.000000000000000000e+01
1.000000000000000000e+02
0.000000000000000000e+00
1.800000000000000000e+02
2.000000000000000000e+02
4.000000000000000000e+01
1.400000000000000000e+02
0.000000000000000000e+00
0.000000000000000000e+00
4.000000000000000000e+01
4.000000000000000000e+01
2.200000000000000000e+02
4.000000000000000000e+01
4.000000000000000000e+01
8.000000000000000000e+01
0.000000000000000000e+00
4.000000000000000000e+01
1.800000000000000000e+02
0.000000000000000000e+00
1.200000000000000000e+02
0.000000000000000000e+00
8.000000000000000000e+01
0.000000000000000000e+00
8.000000000000000000e+01
2.400000000000000000e+02
4.000000000000000000e+01
8.000000000000000000e+01
8.000000000000000000e+01
1.200000000000000000e+02
0.000000000000000000e+00
8.000000000000000000e+01
2.200000000000000000e+02
4.000000000000000000e+01
0.000000000000000000e+00
1.400000000000000000e+02
8.000000000000000000e+01
1.200000000000000000e+02
4.800000000000000000e+02
8.000000000000000000e+01
0.000000000000000000e+00
4.000000000000000000e+01
4.000000000000000000e+01
0.000000000000000000e+00
1.200000000000000000e+02
4.000000000000000000e+01
1.200000000000000000e+02
1.200000000000000000e+02
0.000000000000000000e+00
0.000000000000000000e+00
4.000000000000000000e+01
3.000000000000000000e+02
0.000000000000000000e+00
4.000000000000000000e+01
1.200000000000000000e+02
4.000000000000000000e+01
4.000000000000000000e+01
0.000000000000000000e+00
1.400000000000000000e+02
0.000000000000000000e+00
0.000000000000000000e+00
0.000000000000000000e+00
1.200000000000000000e+02
7.200000000000000000e+02
4.000000000000000000e+01
4.000000000000000000e+01
8.000000000000000000e+01
0.000000000000000000e+00
8.000000000000000000e+01
8.000000000000000000e+01
0.000000000000000000e+00
1.200000000000000000e+02
0.000000000000000000e+00
0.000000000000000000e+00
0.000000000000000000e+00
2.200000000000000000e+02
4.000000000000000000e+01
1.800000000000000000e+02
0.000000000000000000e+00
4.000000000000000000e+01
0.000000000000000000e+00
4.000000000000000000e+01
8.000000000000000000e+01
4.000000000000000000e+01
8.000000000000000000e+01
1.600000000000000000e+02
8.000000000000000000e+01
1.200000000000000000e+02
4.000000000000000000e+01
5.400000000000000000e+02
2.000000000000000000e+02
1.200000000000000000e+02
1.200000000000000000e+02
8.000000000000000000e+01
4.000000000000000000e+01
0.000000000000000000e+00
2.600000000000000000e+02
2.000000000000000000e+02
2.200000000000000000e+02
3.400000000000000000e+02
3.800000000000000000e+02
0.000000000000000000e+00
0.000000000000000000e+00
1.200000000000000000e+02
8.000000000000000000e+01
4.000000000000000000e+01
4.000000000000000000e+01
2.800000000000000000e+02
3.000000000000000000e+02
1.400000000000000000e+02
4.800000000000000000e+02
0.000000000000000000e+00
1.800000000000000000e+02
1.200000000000000000e+02
0.000000000000000000e+00
4.000000000000000000e+01
1.400000000000000000e+02
4.000000000000000000e+01
0.000000000000000000e+00
0.000000000000000000e+00
4.000000000000000000e+01
0.000000000000000000e+00
0.000000000000000000e+00
0.000000000000000000e+00
1.200000000000000000e+02
2.000000000000000000e+02
0.000000000000000000e+00
0.000000000000000000e+00
2.800000000000000000e+02
1.240000000000000000e+03
0.000000000000000000e+00
0.000000000000000000e+00
0.000000000000000000e+00
3.400000000000000000e+02
1.200000000000000000e+02
0.000000000000000000e+00
1.400000000000000000e+02
2.400000000000000000e+02
4.000000000000000000e+01
1.200000000000000000e+02
2.800000000000000000e+02
2.000000000000000000e+02
2.400000000000000000e+02
1.400000000000000000e+02
0.000000000000000000e+00
8.000000000000000000e+01
1.340000000000000000e+03
8.000000000000000000e+01
1.600000000000000000e+02
4.000000000000000000e+01
0.000000000000000000e+00
1.000000000000000000e+02
4.000000000000000000e+01
2.800000000000000000e+02
8.000000000000000000e+01
4.000000000000000000e+01
0.000000000000000000e+00
8.000000000000000000e+01
1.200000000000000000e+02
0.000000000000000000e+00
0.000000000000000000e+00
4.000000000000000000e+01
1.800000000000000000e+02
2.000000000000000000e+02
1.600000000000000000e+02
4.000000000000000000e+01
1.800000000000000000e+02
3.800000000000000000e+02
1.000000000000000000e+02
8.000000000000000000e+01
2.600000000000000000e+02
1.600000000000000000e+02
3.800000000000000000e+02
8.000000000000000000e+01
4.000000000000000000e+01
3.000000000000000000e+02
8.000000000000000000e+01
2.200000000000000000e+02
1.200000000000000000e+02
4.200000000000000000e+02
1.400000000000000000e+02
0.000000000000000000e+00
0.000000000000000000e+00
4.000000000000000000e+01
0.000000000000000000e+00
1.200000000000000000e+02
1.600000000000000000e+02
0.000000000000000000e+00
0.000000000000000000e+00
2.400000000000000000e+02
0.000000000000000000e+00
1.600000000000000000e+02
4.000000000000000000e+01
0.000000000000000000e+00
8.000000000000000000e+01
0.000000000000000000e+00
1.400000000000000000e+02
0.000000000000000000e+00
4.000000000000000000e+01
8.000000000000000000e+01
8.000000000000000000e+01
2.800000000000000000e+02
4.000000000000000000e+01
3.000000000000000000e+02
2.600000000000000000e+02
2.000000000000000000e+02
1.600000000000000000e+02
3.800000000000000000e+02
1.200000000000000000e+02
1.000000000000000000e+02
2.000000000000000000e+02
8.000000000000000000e+01
0.000000000000000000e+00
2.400000000000000000e+02
2.000000000000000000e+02
4.000000000000000000e+01
0.000000000000000000e+00
8.000000000000000000e+01
3.200000000000000000e+02
1.200000000000000000e+02
0.000000000000000000e+00
4.000000000000000000e+02
1.800000000000000000e+02
4.000000000000000000e+01
4.000000000000000000e+01
4.000000000000000000e+01
2.000000000000000000e+02
4.000000000000000000e+01
3.600000000000000000e+02
1.600000000000000000e+02
4.000000000000000000e+01
4.000000000000000000e+01
1.600000000000000000e+02
1.600000000000000000e+02
0.000000000000000000e+00
8.000000000000000000e+01
8.000000000000000000e+01
1.600000000000000000e+02
2.600000000000000000e+02
0.000000000000000000e+00
4.000000000000000000e+01
1.600000000000000000e+02
4.000000000000000000e+01
1.200000000000000000e+02
4.000000000000000000e+01
8.000000000000000000e+01
0.000000000000000000e+00
3.400000000000000000e+02
1.200000000000000000e+02
8.000000000000000000e+01
2.200000000000000000e+02
4.000000000000000000e+01
1.000000000000000000e+02
1.200000000000000000e+02
4.000000000000000000e+01
3.000000000000000000e+02
0.000000000000000000e+00
0.000000000000000000e+00
0.000000000000000000e+00
8.000000000000000000e+01
8.000000000000000000e+01
0.000000000000000000e+00
2.000000000000000000e+02
2.800000000000000000e+02
8.000000000000000000e+01
1.200000000000000000e+02
4.000000000000000000e+02
4.000000000000000000e+01
8.000000000000000000e+01
5.600000000000000000e+02
1.380000000000000000e+03
2.400000000000000000e+02
4.000000000000000000e+01
1.400000000000000000e+02
0.000000000000000000e+00
4.000000000000000000e+01
1.460000000000000000e+03
0.000000000000000000e+00
0.000000000000000000e+00
2.200000000000000000e+02
0.000000000000000000e+00
2.800000000000000000e+02
4.200000000000000000e+02
2.000000000000000000e+02
8.000000000000000000e+01
0.000000000000000000e+00
2.400000000000000000e+02
1.600000000000000000e+02
0.000000000000000000e+00
1.600000000000000000e+02
3.200000000000000000e+02
8.000000000000000000e+01
2.200000000000000000e+02
9.600000000000000000e+02
3.400000000000000000e+02
4.000000000000000000e+01
2.600000000000000000e+02
1.200000000000000000e+02
8.000000000000000000e+01
2.000000000000000000e+02
4.000000000000000000e+01
1.600000000000000000e+02
8.000000000000000000e+01
4.000000000000000000e+01
4.000000000000000000e+01
4.000000000000000000e+01
0.000000000000000000e+00
2.800000000000000000e+02
1.400000000000000000e+02
4.000000000000000000e+01
0.000000000000000000e+00
0.000000000000000000e+00
4.000000000000000000e+01
0.000000000000000000e+00
0.000000000000000000e+00
0.000000000000000000e+00
1.600000000000000000e+02
8.000000000000000000e+01
4.000000000000000000e+01
2.400000000000000000e+02
8.000000000000000000e+01
0.000000000000000000e+00
1.400000000000000000e+02
2.800000000000000000e+02
2.400000000000000000e+02
0.000000000000000000e+00
0.000000000000000000e+00
0.000000000000000000e+00
2.600000000000000000e+02
2.600000000000000000e+02
8.000000000000000000e+01
2.600000000000000000e+02
0.000000000000000000e+00
2.800000000000000000e+02
8.000000000000000000e+01
1.200000000000000000e+02
8.000000000000000000e+01
2.800000000000000000e+02
1.600000000000000000e+02
3.600000000000000000e+02
0.000000000000000000e+00
4.000000000000000000e+02
0.000000000000000000e+00
0.000000000000000000e+00
3.200000000000000000e+02
2.000000000000000000e+02
3.000000000000000000e+02
8.000000000000000000e+01
1.200000000000000000e+02
1.200000000000000000e+02
3.000000000000000000e+02
3.800000000000000000e+02
2.400000000000000000e+02
5.000000000000000000e+02
4.800000000000000000e+02
1.200000000000000000e+02
4.000000000000000000e+01
1.060000000000000000e+03
4.200000000000000000e+02
1.400000000000000000e+02
3.800000000000000000e+02
2.200000000000000000e+02
8.000000000000000000e+01
8.000000000000000000e+01
3.600000000000000000e+02
8.000000000000000000e+01
6.200000000000000000e+02
1.800000000000000000e+02
4.000000000000000000e+01
6.200000000000000000e+02
1.760000000000000000e+03
2.800000000000000000e+02
1.600000000000000000e+02
6.000000000000000000e+02
1.700000000000000000e+03
2.000000000000000000e+02
4.000000000000000000e+01
4.000000000000000000e+02
3.000000000000000000e+02
0.000000000000000000e+00
7.200000000000000000e+02
2.600000000000000000e+02
1.800000000000000000e+02
1.600000000000000000e+02
1.400000000000000000e+02
0.000000000000000000e+00
4.000000000000000000e+01
1.860000000000000000e+03
1.800000000000000000e+02
4.000000000000000000e+01
4.000000000000000000e+02
4.000000000000000000e+01
0.000000000000000000e+00
2.200000000000000000e+02
2.600000000000000000e+02
1.200000000000000000e+02
4.200000000000000000e+02
3.000000000000000000e+02
2.200000000000000000e+03
4.000000000000000000e+01
4.000000000000000000e+01
4.000000000000000000e+01
1.600000000000000000e+02
0.000000000000000000e+00
4.000000000000000000e+01
1.800000000000000000e+02
1.600000000000000000e+02
1.840000000000000000e+03
1.240000000000000000e+03
0.000000000000000000e+00
1.400000000000000000e+02
5.600000000000000000e+02
4.000000000000000000e+02
4.000000000000000000e+01
4.000000000000000000e+02
1.200000000000000000e+02
1.200000000000000000e+02
1.800000000000000000e+02
3.600000000000000000e+02
1.200000000000000000e+02
1.800000000000000000e+02
2.600000000000000000e+02
3.200000000000000000e+02
4.400000000000000000e+02
1.200000000000000000e+02
1.960000000000000000e+03
0.000000000000000000e+00
0.000000000000000000e+00
0.000000000000000000e+00
4.000000000000000000e+01
4.000000000000000000e+01
1.200000000000000000e+02
0.000000000000000000e+00
4.000000000000000000e+01
4.000000000000000000e+01
2.600000000000000000e+02
0.000000000000000000e+00
3.800000000000000000e+02
1.800000000000000000e+02
1.800000000000000000e+02
0.000000000000000000e+00
2.800000000000000000e+02
3.400000000000000000e+02
1.000000000000000000e+02
2.400000000000000000e+02
1.680000000000000000e+03
2.600000000000000000e+02
4.000000000000000000e+01
2.000000000000000000e+02
1.200000000000000000e+02
3.400000000000000000e+02
3.000000000000000000e+02
4.000000000000000000e+02
2.200000000000000000e+02
5.600000000000000000e+02
8.000000000000000000e+01
1.000000000000000000e+02
1.600000000000000000e+02
0.000000000000000000e+00
1.400000000000000000e+02
4.000000000000000000e+01
1.600000000000000000e+02
5.000000000000000000e+02
0.000000000000000000e+00
8.000000000000000000e+01
3.400000000000000000e+02
8.000000000000000000e+01
1.800000000000000000e+02
3.800000000000000000e+02
8.000000000000000000e+01
6.200000000000000000e+02
4.000000000000000000e+01
1.200000000000000000e+02
4.000000000000000000e+01
8.000000000000000000e+01
1.600000000000000000e+02
4.000000000000000000e+01
1.400000000000000000e+03
4.000000000000000000e+01
0.000000000000000000e+00
4.200000000000000000e+02
3.800000000000000000e+02
8.000000000000000000e+01
0.000000000000000000e+00
1.200000000000000000e+02
3.400000000000000000e+02
4.000000000000000000e+01
4.200000000000000000e+02
3.400000000000000000e+02
5.200000000000000000e+02
2.000000000000000000e+02
4.000000000000000000e+01
1.200000000000000000e+02
8.000000000000000000e+01
1.400000000000000000e+02
1.000000000000000000e+02
1.160000000000000000e+03
3.000000000000000000e+02
0.000000000000000000e+00
0.000000000000000000e+00
0.000000000000000000e+00
1.400000000000000000e+02
4.000000000000000000e+01
4.200000000000000000e+02
3.000000000000000000e+02
1.340000000000000000e+03
1.600000000000000000e+02
0.000000000000000000e+00
8.000000000000000000e+01
0.000000000000000000e+00
0.000000000000000000e+00
1.220000000000000000e+03
4.000000000000000000e+01
2.200000000000000000e+02
8.000000000000000000e+01
1.400000000000000000e+02
1.820000000000000000e+03
4.000000000000000000e+01
0.000000000000000000e+00
4.000000000000000000e+02
1.400000000000000000e+02
0.000000000000000000e+00
9.200000000000000000e+02
2.000000000000000000e+02
2.260000000000000000e+03
8.000000000000000000e+01
1.400000000000000000e+02
4.000000000000000000e+01
4.000000000000000000e+01
1.200000000000000000e+02
2.400000000000000000e+02
4.000000000000000000e+01
1.060000000000000000e+03
1.200000000000000000e+02
6.800000000000000000e+02
1.200000000000000000e+02
8.000000000000000000e+01
4.000000000000000000e+01
4.000000000000000000e+01
1.600000000000000000e+02
4.000000000000000000e+01
8.000000000000000000e+01
4.000000000000000000e+01
2.140000000000000000e+03
2.600000000000000000e+02
4.000000000000000000e+01
1.120000000000000000e+03
6.800000000000000000e+02
2.800000000000000000e+02
3.600000000000000000e+02
0.000000000000000000e+00
3.400000000000000000e+02
1.260000000000000000e+03
0.000000000000000000e+00
4.000000000000000000e+01
4.000000000000000000e+01
2.000000000000000000e+02
1.200000000000000000e+02
0.000000000000000000e+00
3.800000000000000000e+02
1.460000000000000000e+03
3.800000000000000000e+02
6.600000000000000000e+02
8.000000000000000000e+01
4.000000000000000000e+01
4.200000000000000000e+02
8.600000000000000000e+02
4.000000000000000000e+01
0.000000000000000000e+00
0.000000000000000000e+00
1.600000000000000000e+02
7.800000000000000000e+02
8.000000000000000000e+01
3.600000000000000000e+02
3.800000000000000000e+02
4.000000000000000000e+01
1.200000000000000000e+02
8.000000000000000000e+01
8.200000000000000000e+02
2.600000000000000000e+02
2.140000000000000000e+03
0.000000000000000000e+00
1.200000000000000000e+02
0.000000000000000000e+00
2.000000000000000000e+02
8.000000000000000000e+01
1.200000000000000000e+02
0.000000000000000000e+00
1.200000000000000000e+02
1.000000000000000000e+02
0.000000000000000000e+00
2.000000000000000000e+02
2.600000000000000000e+02
8.000000000000000000e+01
0.000000000000000000e+00
0.000000000000000000e+00
3.800000000000000000e+02
1.700000000000000000e+03
1.200000000000000000e+02
2.000000000000000000e+02
8.000000000000000000e+01
2.680000000000000000e+03
4.000000000000000000e+01
6.800000000000000000e+02
2.200000000000000000e+02
3.800000000000000000e+02
0.000000000000000000e+00
2.000000000000000000e+02
4.000000000000000000e+01
3.200000000000000000e+02
4.000000000000000000e+01
0.000000000000000000e+00
2.000000000000000000e+02
4.000000000000000000e+01
0.000000000000000000e+00
5.000000000000000000e+02
2.800000000000000000e+02
8.000000000000000000e+01
1.600000000000000000e+02
2.320000000000000000e+03
2.200000000000000000e+02
6.400000000000000000e+02
3.400000000000000000e+02
1.400000000000000000e+02
5.000000000000000000e+02
2.400000000000000000e+02
5.820000000000000000e+03
7.400000000000000000e+02
2.000000000000000000e+02
4.000000000000000000e+01
1.200000000000000000e+02
4.140000000000000000e+03
2.800000000000000000e+02
1.800000000000000000e+02
1.800000000000000000e+02
2.360000000000000000e+03
2.320000000000000000e+03
1.600000000000000000e+02
7.200000000000000000e+02
3.800000000000000000e+02
8.400000000000000000e+02
1.600000000000000000e+02
9.000000000000000000e+02
3.000000000000000000e+02
9.400000000000000000e+02
9.800000000000000000e+02
0.000000000000000000e+00
5.000000000000000000e+02
1.740000000000000000e+03
3.200000000000000000e+02
0.000000000000000000e+00
2.800000000000000000e+02
1.600000000000000000e+02
2.200000000000000000e+02
0.000000000000000000e+00
8.000000000000000000e+01
2.500000000000000000e+03
1.220000000000000000e+03
4.600000000000000000e+02
1.540000000000000000e+03
1.140000000000000000e+03
3.720000000000000000e+03
7.400000000000000000e+02
1.260000000000000000e+03
8.200000000000000000e+02
3.200000000000000000e+02
1.500000000000000000e+03
5.200000000000000000e+02
9.000000000000000000e+02
3.400000000000000000e+02
1.100000000000000000e+03
5.400000000000000000e+02
1.200000000000000000e+02
2.000000000000000000e+02
1.380000000000000000e+03
0.000000000000000000e+00
8.200000000000000000e+02
8.000000000000000000e+01
2.660000000000000000e+03
0.000000000000000000e+00
2.400000000000000000e+02
9.600000000000000000e+02
1.180000000000000000e+03
1.800000000000000000e+02
8.000000000000000000e+01
4.200000000000000000e+02
9.600000000000000000e+02
1.200000000000000000e+02
0.000000000000000000e+00
1.600000000000000000e+03
7.400000000000000000e+02
3.800000000000000000e+02
2.400000000000000000e+02
4.000000000000000000e+01
1.200000000000000000e+02
4.000000000000000000e+01
2.840000000000000000e+03
7.200000000000000000e+02
2.800000000000000000e+02
1.800000000000000000e+03
6.800000000000000000e+02
1.020000000000000000e+03
4.200000000000000000e+02
4.000000000000000000e+01
1.720000000000000000e+03
2.200000000000000000e+02
8.000000000000000000e+01
9.800000000000000000e+02
9.800000000000000000e+02
2.800000000000000000e+02
1.140000000000000000e+03
1.260000000000000000e+03
1.000000000000000000e+02
3.800000000000000000e+02
3.860000000000000000e+03
8.000000000000000000e+01
4.200000000000000000e+02
8.000000000000000000e+02
1.680000000000000000e+03
4.000000000000000000e+03
1.800000000000000000e+02
2.400000000000000000e+02
5.720000000000000000e+03
0.000000000000000000e+00
3.800000000000000000e+02
3.900000000000000000e+03
7.200000000000000000e+02
4.940000000000000000e+03
2.120000000000000000e+03
5.000000000000000000e+02
2.400000000000000000e+02
1.500000000000000000e+03
4.600000000000000000e+02
0.000000000000000000e+00
3.000000000000000000e+02
8.000000000000000000e+01
3.400000000000000000e+02
5.800000000000000000e+02
4.000000000000000000e+01
2.200000000000000000e+02
2.300000000000000000e+03
0.000000000000000000e+00
3.200000000000000000e+02
4.000000000000000000e+01
4.600000000000000000e+02
1.780000000000000000e+03
1.280000000000000000e+03
6.000000000000000000e+02
5.120000000000000000e+03
5.000000000000000000e+02
3.200000000000000000e+02
8.120000000000000000e+03
5.000000000000000000e+02
3.940000000000000000e+03
3.680000000000000000e+03
7.280000000000000000e+03
3.200000000000000000e+02
4.800000000000000000e+02
1.800000000000000000e+02
8.660000000000000000e+03
2.800000000000000000e+02
2.040000000000000000e+03
7.600000000000000000e+02
1.200000000000000000e+02
2.700000000000000000e+03
3.380000000000000000e+03
8.200000000000000000e+02
1.520000000000000000e+03
1.260000000000000000e+03
2.800000000000000000e+02
2.380000000000000000e+03
4.000000000000000000e+01
3.440000000000000000e+03
4.280000000000000000e+03
1.800000000000000000e+02
4.600000000000000000e+02
3.880000000000000000e+03
4.720000000000000000e+03
2.620000000000000000e+03
3.000000000000000000e+02
1.140000000000000000e+03
5.200000000000000000e+02
1.600000000000000000e+02
1.940000000000000000e+03
5.400000000000000000e+02
7.600000000000000000e+02
5.080000000000000000e+03
3.200000000000000000e+02
3.600000000000000000e+02
4.000000000000000000e+01
3.800000000000000000e+02
2.000000000000000000e+02
0.000000000000000000e+00
0.000000000000000000e+00
7.260000000000000000e+03
8.200000000000000000e+02
1.400000000000000000e+02
2.940000000000000000e+03
1.060000000000000000e+03
4.000000000000000000e+01
2.880000000000000000e+03
7.940000000000000000e+03
5.800000000000000000e+02
0.000000000000000000e+00
1.740000000000000000e+03
1.200000000000000000e+02
1.200000000000000000e+02
8.000000000000000000e+01
3.800000000000000000e+02
4.400000000000000000e+02
2.220000000000000000e+03
4.040000000000000000e+03
2.600000000000000000e+02
2.000000000000000000e+03
1.960000000000000000e+03
7.400000000000000000e+02
1.200000000000000000e+02
1.060000000000000000e+03
1.200000000000000000e+02
6.740000000000000000e+03
8.000000000000000000e+02
4.600000000000000000e+02
7.840000000000000000e+03
2.400000000000000000e+02
9.400000000000000000e+02
1.060000000000000000e+03
2.800000000000000000e+02
1.200000000000000000e+02
6.800000000000000000e+02
1.160000000000000000e+03
2.200000000000000000e+02
6.800000000000000000e+02
6.600000000000000000e+02
1.620000000000000000e+03
1.380000000000000000e+03
0.000000000000000000e+00
1.546000000000000000e+04
2.700000000000000000e+03
9.700000000000000000e+03
4.000000000000000000e+01
1.160000000000000000e+03
1.800000000000000000e+02
8.000000000000000000e+01
1.600000000000000000e+02
9.400000000000000000e+02
2.214000000000000000e+04
9.156000000000000000e+04
3.000000000000000000e+03
6.200000000000000000e+02
1.760000000000000000e+03
8.820000000000000000e+03
2.000000000000000000e+02
1.780000000000000000e+03
1.180000000000000000e+03
2.100000000000000000e+03
6.000000000000000000e+03
3.400000000000000000e+02
2.220000000000000000e+03
1.280000000000000000e+03
3.800000000000000000e+02
4.000000000000000000e+02
3.100000000000000000e+03
1.040000000000000000e+03
1.200000000000000000e+03
1.240000000000000000e+03
6.840000000000000000e+03
3.920000000000000000e+03
1.342000000000000000e+04
2.660000000000000000e+03
5.960000000000000000e+03
4.220000000000000000e+03
1.920000000000000000e+03
1.840000000000000000e+03
3.200000000000000000e+02
1.800000000000000000e+03
5.000000000000000000e+02
1.600000000000000000e+02
3.160000000000000000e+03
2.520000000000000000e+03
3.980000000000000000e+03
4.000000000000000000e+03
1.228000000000000000e+04
1.640000000000000000e+03
4.000000000000000000e+02
4.660000000000000000e+03
6.280000000000000000e+03
1.360000000000000000e+03
3.440000000000000000e+03
4.800000000000000000e+02
1.600000000000000000e+02
5.980000000000000000e+03
1.540000000000000000e+03
4.414000000000000000e+04
1.540000000000000000e+03
1.862000000000000000e+04
3.300000000000000000e+03
8.000000000000000000e+01
9.940000000000000000e+03
6.046000000000000000e+04
3.476000000000000000e+04
6.600000000000000000e+02
5.200000000000000000e+02
4.000000000000000000e+01
3.200000000000000000e+02
4.400000000000000000e+03
8.600000000000000000e+02
2.212000000000000000e+04
7.800000000000000000e+02
1.102000000000000000e+04
1.814000000000000000e+04
9.680000000000000000e+03
1.560000000000000000e+04
2.500000000000000000e+03
1.600000000000000000e+02
4.400000000000000000e+02
1.000000000000000000e+04
1.200000000000000000e+02
1.164000000000000000e+04
6.460000000000000000e+04
1.084000000000000000e+04
1.000000000000000000e+02
6.768000000000000000e+04
8.200000000000000000e+03
1.560000000000000000e+03
5.000000000000000000e+02
9.800000000000000000e+02
9.640000000000000000e+03
6.440000000000000000e+03
4.000000000000000000e+01
1.644000000000000000e+04
2.182000000000000000e+04
3.120000000000000000e+03
2.700000000000000000e+03
2.800000000000000000e+02
5.140000000000000000e+03
5.200000000000000000e+02
2.700000000000000000e+03
2.200000000000000000e+02
7.300000000000000000e+03
8.060000000000000000e+03
2.980000000000000000e+04
1.434000000000000000e+04
5.822000000000000000e+04
1.999600000000000000e+05
1.200000000000000000e+02
9.540000000000000000e+03
1.226000000000000000e+05
1.046000000000000000e+04
7.200000000000000000e+02
6.140000000000000000e+03
3.554000000000000000e+04
4.000000000000000000e+01
7.318000000000000000e+04
3.000000000000000000e+02
8.000000000000000000e+02
1.282000000000000000e+05
1.920000000000000000e+04
8.600000000000000000e+02
5.460000000000000000e+03
1.180400000000000000e+05
5.960000000000000000e+04
1.780000000000000000e+04
6.780000000000000000e+03
1.800000000000000000e+02
3.194000000000000000e+04
2.006000000000000000e+04
4.660000000000000000e+03
2.200000000000000000e+03
4.200000000000000000e+02
8.000000000000000000e+01
1.185400000000000000e+05
1.338000000000000000e+04
8.800000000000000000e+02
1.740000000000000000e+03
2.620000000000000000e+03
4.320000000000000000e+04
1.414000000000000000e+04
7.360000000000000000e+03
0.000000000000000000e+00
2.062600000000000000e+05
1.657400000000000000e+05
1.075600000000000000e+05
1.600000000000000000e+02
4.200000000000000000e+02
1.504000000000000000e+04
1.634800000000000000e+05
8.660000000000000000e+04
7.376000000000000000e+04
2.642000000000000000e+04
4.000000000000000000e+01
7.780000000000000000e+03
1.134000000000000000e+04
1.234000000000000000e+04
8.000000000000000000e+01
2.780000000000000000e+03
8.600000000000000000e+02
3.600000000000000000e+02
1.478400000000000000e+05
1.400000000000000000e+02
1.962000000000000000e+04
3.400000000000000000e+02
6.380000000000000000e+03
4.200000000000000000e+02
1.920600000000000000e+05
2.351200000000000000e+05
8.000000000000000000e+01
3.400000000000000000e+02
1.800000000000000000e+02
1.400000000000000000e+02
8.180000000000000000e+03
8.000000000000000000e+01
4.300000000000000000e+03
5.206000000000000000e+04
1.340000000000000000e+03
4.834000000000000000e+04
3.390000000000000000e+04
1.012000000000000000e+04
1.960000000000000000e+03
4.000000000000000000e+01
7.814000000000000000e+04
2.340000000000000000e+03
1.600000000000000000e+02
6.100000000000000000e+03
2.620000000000000000e+03
1.060000000000000000e+03
1.600000000000000000e+02
1.800000000000000000e+03
3.032000000000000000e+04
5.726000000000000000e+04
3.150000000000000000e+04
6.700000000000000000e+03
2.300000000000000000e+03
1.566000000000000000e+04
0.000000000000000000e+00
5.400000000000000000e+02
2.398000000000000000e+04
7.600000000000000000e+02
4.618000000000000000e+04
1.249000000000000000e+05
5.009800000000000000e+05
8.460000000000000000e+03
1.586000000000000000e+04
1.012000000000000000e+04
9.200000000000000000e+02
9.920000000000000000e+03
6.120000000000000000e+03
8.898000000000000000e+04
1.640000000000000000e+04
1.500000000000000000e+03
1.354000000000000000e+04
9.200000000000000000e+02
2.520000000000000000e+03
2.789000000000000000e+05
3.036000000000000000e+04
1.080000000000000000e+04
4.614000000000000000e+04
7.640000000000000000e+03
1.294000000000000000e+04
4.880000000000000000e+03
4.570000000000000000e+04
4.320000000000000000e+03
3.640000000000000000e+03
3.326000000000000000e+04
2.000000000000000000e+02
2.922000000000000000e+04
5.020800000000000000e+05
1.668000000000000000e+05
5.800000000000000000e+02
1.822000000000000000e+04
6.760000000000000000e+03
1.394000000000000000e+04
2.047200000000000000e+05
2.200000000000000000e+04
1.160000000000000000e+04
1.052000000000000000e+04
2.080000000000000000e+04
5.000000000000000000e+02
1.138200000000000000e+05
1.400000000000000000e+02
1.200000000000000000e+02
5.600000000000000000e+02
6.342000000000000000e+04
1.176000000000000000e+04
1.829200000000000000e+05
2.880000000000000000e+03
5.600000000000000000e+02
2.200000000000000000e+02
2.500000000000000000e+03
5.022000000000000000e+04
2.000000000000000000e+03
7.600000000000000000e+02
4.000000000000000000e+01
5.054000000000000000e+04
7.200000000000000000e+03
1.120000000000000000e+04
0.000000000000000000e+00
3.426000000000000000e+04
3.060000000000000000e+03
2.350000000000000000e+04
6.240000000000000000e+03
1.103800000000000000e+05
7.280000000000000000e+04
2.912000000000000000e+04
6.360000000000000000e+03
0.000000000000000000e+00
2.436000000000000000e+04
1.266000000000000000e+04
5.900000000000000000e+03
2.134000000000000000e+04
3.600000000000000000e+02
8.000000000000000000e+01
1.480000000000000000e+03
1.000000000000000000e+03
2.314000000000000000e+04
3.240000000000000000e+03
2.552800000000000000e+05
1.400000000000000000e+02
1.869800000000000000e+05
3.601600000000000000e+05
2.360000000000000000e+03
4.400000000000000000e+02
3.466000000000000000e+04
5.320000000000000000e+03
4.000000000000000000e+02
2.080000000000000000e+03
2.208000000000000000e+04
1.200000000000000000e+02
1.800000000000000000e+02
1.800000000000000000e+04
2.992000000000000000e+04
1.583600000000000000e+05
1.166000000000000000e+04
2.872000000000000000e+04
6.460000000000000000e+03
2.980000000000000000e+03
4.000000000000000000e+01
4.660000000000000000e+03
2.562000000000000000e+04
3.100600000000000000e+05
7.708000000000000000e+04
1.940000000000000000e+04
8.600000000000000000e+02
3.042000000000000000e+04
8.960000000000000000e+04
1.158000000000000000e+04
1.518200000000000000e+05
9.380000000000000000e+03
1.058200000000000000e+05
1.688000000000000000e+04
4.000000000000000000e+02
4.572000000000000000e+04
1.020000000000000000e+03
1.714000000000000000e+04
1.061800000000000000e+05
4.686000000000000000e+04
4.620000000000000000e+04
9.040000000000000000e+03
1.460000000000000000e+03
8.000000000000000000e+02
5.640000000000000000e+03
2.680000000000000000e+03
2.548000000000000000e+04
4.980000000000000000e+03
2.600000000000000000e+02
4.000000000000000000e+01
2.380000000000000000e+03
3.980000000000000000e+03
1.480000000000000000e+03
3.460000000000000000e+04
1.360000000000000000e+03
1.200000000000000000e+04
7.260000000000000000e+03
2.116000000000000000e+04
1.580000000000000000e+03
6.860000000000000000e+03
1.600000000000000000e+02
2.040000000000000000e+03
7.660000000000000000e+03
5.800000000000000000e+02
2.400000000000000000e+02
2.600000000000000000e+02
4.400000000000000000e+02
6.160000000000000000e+03
8.708000000000000000e+04
1.360000000000000000e+03
1.280000000000000000e+04
1.396000000000000000e+04
2.040000000000000000e+04
3.600000000000000000e+02
4.000000000000000000e+01
6.966000000000000000e+04
1.800000000000000000e+02
1.446000000000000000e+04
8.932000000000000000e+04
4.060000000000000000e+03
6.048000000000000000e+04
1.686200000000000000e+05
1.648000000000000000e+04
8.800000000000000000e+02
3.860000000000000000e+03
3.400000000000000000e+02
1.164000000000000000e+04
3.138000000000000000e+04
0.000000000000000000e+00
4.200000000000000000e+02
2.680000000000000000e+03
6.700000000000000000e+04
5.134000000000000000e+04
5.300000000000000000e+03
1.176200000000000000e+05
1.012600000000000000e+05
7.840000000000000000e+03
2.800000000000000000e+03
1.488000000000000000e+04
2.202000000000000000e+04
3.800000000000000000e+02
2.259400000000000000e+05
2.000000000000000000e+02
9.046000000000000000e+04
2.220400000000000000e+05
5.266000000000000000e+04
1.343000000000000000e+05
7.616000000000000000e+04
2.780000000000000000e+03
3.920000000000000000e+03
2.580000000000000000e+03
1.680000000000000000e+03
8.000000000000000000e+01
6.800000000000000000e+02
1.060000000000000000e+03
1.758000000000000000e+04
1.000000000000000000e+02
8.740000000000000000e+03
5.600000000000000000e+02
6.800000000000000000e+02
2.980000000000000000e+03
4.946000000000000000e+04
1.496000000000000000e+04
4.536000000000000000e+04
4.000000000000000000e+01
1.289800000000000000e+05
6.260000000000000000e+03
3.420000000000000000e+03
1.300000000000000000e+03
4.600000000000000000e+02
1.593200000000000000e+05
1.180000000000000000e+03
6.720000000000000000e+03
2.120000000000000000e+03
3.704000000000000000e+04
2.214600000000000000e+05
2.420000000000000000e+03
4.200000000000000000e+03
7.200000000000000000e+02
2.000000000000000000e+02
9.800000000000000000e+02
8.600000000000000000e+02
4.116000000000000000e+04
4.000000000000000000e+01
3.526000000000000000e+04
2.013600000000000000e+05
5.600000000000000000e+03
6.500000000000000000e+03
0.000000000000000000e+00
8.000000000000000000e+01
2.478000000000000000e+04
6.480000000000000000e+03
7.760000000000000000e+03
2.962000000000000000e+04
8.200000000000000000e+02
4.000000000000000000e+01
3.600000000000000000e+02
7.800000000000000000e+03
1.092000000000000000e+04
4.600000000000000000e+02
7.420000000000000000e+03
2.262000000000000000e+04
8.600000000000000000e+02
3.410000000000000000e+04
1.208000000000000000e+04
1.600000000000000000e+02
1.600000000000000000e+02
3.000000000000000000e+02
8.000000000000000000e+02
2.832000000000000000e+04
8.000000000000000000e+01
4.800000000000000000e+02
0.000000000000000000e+00
4.880000000000000000e+03
2.500000000000000000e+03
4.800000000000000000e+02
2.310000000000000000e+04
1.200000000000000000e+02
2.600000000000000000e+02
3.260000000000000000e+03
2.000000000000000000e+02
5.832000000000000000e+04
4.000000000000000000e+01
6.254000000000000000e+04
3.920000000000000000e+03
8.516000000000000000e+04
2.600000000000000000e+02
1.780000000000000000e+03
1.114000000000000000e+04
1.440000000000000000e+03
1.600000000000000000e+02
2.800000000000000000e+03
9.600000000000000000e+02
5.200000000000000000e+03
2.044000000000000000e+04
3.160000000000000000e+03
1.800000000000000000e+02
2.804000000000000000e+04
8.782000000000000000e+04
1.460000000000000000e+03
1.192000000000000000e+04
3.266000000000000000e+04
8.420000000000000000e+03
2.460000000000000000e+03
2.528000000000000000e+04
2.460000000000000000e+03
1.440000000000000000e+03
1.960000000000000000e+03
9.400000000000000000e+02
6.798000000000000000e+04
4.800000000000000000e+02
1.640000000000000000e+03
1.150000000000000000e+04
4.700000000000000000e+03
1.434000000000000000e+04
2.220000000000000000e+03
1.496000000000000000e+04
4.000000000000000000e+01
2.012000000000000000e+04
4.000000000000000000e+01
5.400000000000000000e+03
3.614000000000000000e+04
9.400000000000000000e+02
9.446000000000000000e+04
3.220000000000000000e+03
4.704000000000000000e+04
3.800000000000000000e+02
1.122000000000000000e+04
4.376000000000000000e+04
5.600000000000000000e+02
1.580000000000000000e+03
1.800000000000000000e+02
4.880000000000000000e+03
3.860000000000000000e+03
5.580000000000000000e+03
1.990000000000000000e+04
5.460000000000000000e+03
3.360000000000000000e+03
5.400000000000000000e+02
1.240000000000000000e+03
4.520000000000000000e+03
4.260000000000000000e+03
6.800000000000000000e+02
8.618000000000000000e+04
1.282000000000000000e+04
5.590000000000000000e+04
3.720000000000000000e+03
4.340000000000000000e+03
4.972000000000000000e+04
0.000000000000000000e+00
0.000000000000000000e+00
2.420000000000000000e+03
1.400000000000000000e+02
3.200000000000000000e+02
5.012400000000000000e+05
0.000000000000000000e+00
6.962000000000000000e+04
1.100000000000000000e+03
5.434000000000000000e+04
3.774000000000000000e+04
1.186000000000000000e+04
0.000000000000000000e+00
1.068000000000000000e+04
7.200000000000000000e+02
1.388000000000000000e+04
6.160000000000000000e+03
3.660000000000000000e+03
1.980000000000000000e+03
1.820000000000000000e+03
9.980000000000000000e+03
7.174000000000000000e+04
2.180000000000000000e+03
7.660000000000000000e+03
6.020000000000000000e+03
2.600000000000000000e+03
4.238000000000000000e+04
2.000000000000000000e+02
0.000000000000000000e+00
2.324000000000000000e+04
4.800000000000000000e+03
8.200000000000000000e+02
1.200000000000000000e+02
8.400000000000000000e+02
3.480000000000000000e+03
1.600000000000000000e+02
8.000000000000000000e+01
5.800000000000000000e+02
2.516000000000000000e+04
1.244000000000000000e+04
5.400000000000000000e+02
1.060000000000000000e+03
6.400000000000000000e+02
9.326000000000000000e+04
3.200000000000000000e+02
9.940000000000000000e+03
2.000000000000000000e+02
1.862200000000000000e+05
1.786000000000000000e+04
6.400000000000000000e+02
1.080000000000000000e+04
1.532000000000000000e+04
1.680000000000000000e+04
7.060000000000000000e+03
8.000000000000000000e+01
1.040000000000000000e+03
4.000000000000000000e+01
3.056000000000000000e+04
7.580000000000000000e+03
1.648000000000000000e+04
2.120000000000000000e+03
4.018000000000000000e+04
2.400000000000000000e+03
1.530000000000000000e+04
2.546000000000000000e+04
1.200000000000000000e+02
7.000000000000000000e+03
1.000000000000000000e+02
4.000000000000000000e+01
3.520000000000000000e+03
6.816000000000000000e+04
4.000000000000000000e+01
1.800000000000000000e+02
1.120000000000000000e+03
4.740000000000000000e+03
2.654000000000000000e+04
2.422000000000000000e+04
3.128000000000000000e+04
2.328000000000000000e+04
3.980000000000000000e+03
7.320000000000000000e+04
2.550000000000000000e+04
8.480000000000000000e+03
2.772000000000000000e+04
2.812000000000000000e+04
2.120000000000000000e+03
2.216000000000000000e+04
8.388000000000000000e+04
8.060000000000000000e+03
7.400000000000000000e+02
3.600000000000000000e+02
8.000000000000000000e+01
1.310000000000000000e+04
1.546000000000000000e+04
4.500000000000000000e+03
3.792000000000000000e+04
5.200000000000000000e+03
1.061400000000000000e+05
2.200000000000000000e+04
0.000000000000000000e+00
3.186000000000000000e+04
4.000000000000000000e+02
8.020000000000000000e+03
8.000000000000000000e+02
4.060000000000000000e+03
8.000000000000000000e+02
7.200000000000000000e+03
2.060000000000000000e+03
1.200000000000000000e+02
2.620000000000000000e+03
4.000000000000000000e+01
2.200000000000000000e+02
2.400000000000000000e+02
1.379600000000000000e+05
6.400000000000000000e+02
1.160000000000000000e+03
6.188000000000000000e+04
8.000000000000000000e+01
9.600000000000000000e+02
3.760000000000000000e+03
3.620000000000000000e+03
1.196000000000000000e+04
3.680000000000000000e+04
4.920000000000000000e+03
3.502000000000000000e+04
2.400000000000000000e+02
1.120000000000000000e+03
0.000000000000000000e+00
8.000000000000000000e+01
1.406000000000000000e+04
1.976000000000000000e+04
3.200000000000000000e+02
0.000000000000000000e+00
8.600000000000000000e+02
1.600000000000000000e+02
3.500000000000000000e+03
1.320000000000000000e+03
9.340000000000000000e+03
4.000000000000000000e+01
3.120000000000000000e+03
1.198000000000000000e+04
2.400000000000000000e+02
1.160000000000000000e+04
1.134000000000000000e+04
5.600000000000000000e+02
2.356000000000000000e+04
3.275400000000000000e+05
2.783000000000000000e+05
5.860000000000000000e+03
3.600000000000000000e+02
1.402400000000000000e+05
1.590000000000000000e+04
6.040000000000000000e+03
3.782000000000000000e+04
2.040000000000000000e+03
8.100000000000000000e+03
1.956000000000000000e+04
1.104000000000000000e+04
6.400000000000000000e+02
1.694000000000000000e+04
1.080000000000000000e+03
9.320000000000000000e+03
5.002400000000000000e+05
4.000000000000000000e+01
9.600000000000000000e+02
2.000000000000000000e+02
0.000000000000000000e+00
8.380000000000000000e+03
8.000000000000000000e+02
2.461800000000000000e+05
1.814000000000000000e+04
4.800000000000000000e+02
1.050000000000000000e+04
3.260000000000000000e+04
3.634000000000000000e+04
3.582000000000000000e+04
3.240000000000000000e+04
1.214000000000000000e+04
6.800000000000000000e+02
7.000000000000000000e+02
4.220000000000000000e+03
9.520000000000000000e+03
4.400000000000000000e+02
4.200000000000000000e+02
1.276000000000000000e+04
6.490000000000000000e+04
8.000000000000000000e+01
1.200000000000000000e+02
2.784000000000000000e+04
2.370000000000000000e+04
4.720000000000000000e+03
0.000000000000000000e+00
1.840000000000000000e+03
0.000000000000000000e+00
6.120000000000000000e+03
5.500000000000000000e+03
5.220000000000000000e+03
2.000000000000000000e+02
0.000000000000000000e+00
1.598200000000000000e+05
9.080000000000000000e+03
1.692000000000000000e+05
4.880000000000000000e+03
4.760000000000000000e+03
3.426000000000000000e+04
4.000000000000000000e+01
2.480000000000000000e+03
1.080000000000000000e+03
1.600000000000000000e+03
1.026000000000000000e+04
2.600000000000000000e+02
3.770000000000000000e+04
1.640000000000000000e+03
2.260000000000000000e+03
8.000000000000000000e+01
5.432000000000000000e+05
1.000000000000000000e+03
1.160000000000000000e+03
4.800000000000000000e+02
5.800000000000000000e+02
6.720000000000000000e+04
6.600000000000000000e+02
4.182000000000000000e+04
2.940000000000000000e+03
8.762000000000000000e+04
6.762000000000000000e+04
1.398000000000000000e+04
5.200000000000000000e+02
1.122000000000000000e+04
2.800000000000000000e+02
6.600000000000000000e+02
6.800000000000000000e+03
1.000000000000000000e+02
8.120000000000000000e+03
4.218000000000000000e+04
3.122000000000000000e+04
1.494000000000000000e+05
4.234000000000000000e+04
9.380000000000000000e+03
8.280000000000000000e+03
1.680000000000000000e+03
8.400000000000000000e+02
0.000000000000000000e+00
1.200000000000000000e+02
5.280000000000000000e+03
2.200000000000000000e+02
1.184000000000000000e+05
4.000000000000000000e+01
2.800000000000000000e+03
6.800000000000000000e+02
4.440000000000000000e+03
5.704000000000000000e+04
5.600000000000000000e+02
8.332000000000000000e+04
5.800000000000000000e+03
1.438000000000000000e+05
3.726000000000000000e+04
4.200000000000000000e+02
1.200000000000000000e+03
3.920000000000000000e+03
1.880000000000000000e+03
0.000000000000000000e+00
5.760000000000000000e+03
4.000000000000000000e+01
5.514000000000000000e+04
2.324000000000000000e+04
1.000000000000000000e+03
3.440000000000000000e+03
3.416000000000000000e+04
3.200000000000000000e+02
7.500000000000000000e+03
3.880000000000000000e+03
1.320000000000000000e+03
1.140000000000000000e+03
3.600000000000000000e+02
6.780000000000000000e+03
5.060000000000000000e+03
1.700000000000000000e+03
8.200000000000000000e+02
4.722000000000000000e+04
4.000000000000000000e+01
2.618000000000000000e+04
1.398000000000000000e+04
4.440000000000000000e+03
0.000000000000000000e+00
6.400000000000000000e+02
7.400000000000000000e+04
2.400000000000000000e+04
1.400000000000000000e+02
8.000000000000000000e+01
4.400000000000000000e+03
1.140000000000000000e+03
1.020000000000000000e+03
0.000000000000000000e+00
3.940000000000000000e+03
3.010000000000000000e+04
2.400000000000000000e+02
6.800000000000000000e+02
2.880000000000000000e+03
4.078000000000000000e+04
7.200000000000000000e+02
1.500000000000000000e+03
2.480000000000000000e+03
1.032000000000000000e+04
1.154000000000000000e+04
6.540000000000000000e+03
2.600000000000000000e+02
1.600000000000000000e+02
1.614000000000000000e+04
5.520000000000000000e+03
1.760000000000000000e+03
3.780000000000000000e+03
3.360000000000000000e+03
1.200000000000000000e+02
1.400000000000000000e+02
1.200000000000000000e+02
8.000000000000000000e+01
1.020000000000000000e+03
4.558000000000000000e+04
1.164000000000000000e+04
1.962000000000000000e+04
4.580000000000000000e+03
4.000000000000000000e+01
6.800000000000000000e+02
1.800000000000000000e+02
3.380000000000000000e+03
1.662000000000000000e+04
1.100000000000000000e+03
6.040000000000000000e+03
2.600000000000000000e+02
1.062000000000000000e+04
3.000000000000000000e+02
4.800000000000000000e+02
7.032000000000000000e+04
0.000000000000000000e+00
8.000000000000000000e+01
9.060000000000000000e+03
5.572000000000000000e+04
3.400000000000000000e+02
7.000000000000000000e+02
3.080000000000000000e+03
2.800000000000000000e+02
1.596000000000000000e+04
7.800000000000000000e+02
1.320000000000000000e+03
3.376000000000000000e+04
1.200000000000000000e+03
1.080000000000000000e+03
1.600000000000000000e+02
5.540000000000000000e+03
7.420000000000000000e+04
0.000000000000000000e+00
5.560000000000000000e+03
4.000000000000000000e+01
4.200000000000000000e+02
9.800000000000000000e+02
2.040000000000000000e+03
4.000000000000000000e+01
0.000000000000000000e+00
2.400000000000000000e+02
3.026000000000000000e+04
2.840000000000000000e+04
1.780000000000000000e+03
1.120000000000000000e+03
1.658000000000000000e+04
7.200000000000000000e+02
2.600000000000000000e+02
4.000000000000000000e+01
2.400000000000000000e+02
1.460000000000000000e+03
2.800000000000000000e+02
5.000000000000000000e+02
2.300000000000000000e+03
3.680000000000000000e+03
5.800000000000000000e+02
3.270000000000000000e+04
2.000000000000000000e+02
7.740000000000000000e+03
2.018000000000000000e+04
2.978000000000000000e+04
1.780000000000000000e+03
2.000000000000000000e+03
9.000000000000000000e+02
1.700000000000000000e+03
1.260000000000000000e+03
6.400000000000000000e+02
1.560000000000000000e+03
5.400000000000000000e+02
3.000000000000000000e+03
2.400000000000000000e+03
4.800000000000000000e+02
5.600000000000000000e+02
1.940000000000000000e+03
9.600000000000000000e+02
2.800000000000000000e+02
2.640000000000000000e+03
1.620000000000000000e+03
5.720000000000000000e+03
1.268000000000000000e+04
1.620000000000000000e+03
4.820000000000000000e+03
4.000000000000000000e+02
1.344000000000000000e+04
1.534000000000000000e+04
3.400000000000000000e+02
7.600000000000000000e+02
5.900000000000000000e+03
2.400000000000000000e+02
1.840000000000000000e+03
4.800000000000000000e+02
3.200000000000000000e+02
3.474000000000000000e+04
1.932000000000000000e+04
7.160000000000000000e+03
9.420000000000000000e+03
1.200000000000000000e+03
1.860000000000000000e+03
3.174000000000000000e+04
2.300000000000000000e+03
8.200000000000000000e+02
9.800000000000000000e+02
2.400000000000000000e+02
2.880000000000000000e+03
1.220000000000000000e+03
2.140000000000000000e+03
8.000000000000000000e+01
7.200000000000000000e+02
1.200000000000000000e+02
7.400000000000000000e+02
8.000000000000000000e+01
4.200000000000000000e+02
1.640000000000000000e+03
6.440000000000000000e+03
1.280000000000000000e+03
2.800000000000000000e+02
7.200000000000000000e+02
2.728000000000000000e+04
1.580000000000000000e+03
4.000000000000000000e+01
7.620000000000000000e+03
1.380000000000000000e+04
3.498000000000000000e+04
3.000000000000000000e+02
8.000000000000000000e+01
1.400000000000000000e+02
2.200000000000000000e+02
3.600000000000000000e+02
3.000000000000000000e+02
3.200000000000000000e+02
3.060000000000000000e+03
8.200000000000000000e+03
2.438000000000000000e+04
2.280000000000000000e+03
3.846000000000000000e+04
1.280000000000000000e+03
1.760000000000000000e+03
3.200000000000000000e+02
3.800000000000000000e+02
